image,ALB,BET,DOL,LAG,NoF,OTHER,SHARK,YFT
img_05692.jpg,0.002071,0.008352,0.072621,0.019742,0.000319,0.007415,0.007066,0.882413
img_04959.jpg,0.780560,0.029123,0.039845,0.034780,0.030367,0.014834,0.003272,0.067218
img_02739.jpg,0.994437,0.000771,0.000324,0.000611,0.001571,0.000552,0.001095,0.000639
img_01116.jpg,0.993495,0.001110,0.000417,0.000747,0.000057,0.002137,0.000439,0.001598
img_00374.jpg,0.807633,0.007215,0.006680,0.003744,0.000650,0.010714,0.001930,0.161433
img_05580.jpg,0.024012,0.012469,0.021428,0.003434,0.002681,0.008177,0.145031,0.782768
img_02799.jpg,0.968889,0.007295,0.001043,0.002708,0.012090,0.001710,0.002548,0.003716
img_02703.jpg,0.048881,0.009148,0.004804,0.004461,0.009113,0.004474,0.050096,0.869023
img_01198.jpg,0.241323,0.113126,0.036303,0.025121,0.502735,0.021368,0.027596,0.032427
img_06506.jpg,0.941074,0.011922,0.003402,0.006511,0.011444,0.005000,0.000855,0.019792
img_07628.jpg,0.000009,0.011896,0.008114,0.009516,0.939419,0.021358,0.007881,0.001807
img_05293.jpg,0.007037,0.452865,0.064330,0.062697,0.019643,0.161141,0.036458,0.195828
img_00667.jpg,0.000015,0.002641,0.002560,0.005889,0.980947,0.002527,0.005268,0.000153
img_04712.jpg,0.001534,0.020943,0.424823,0.005954,0.005480,0.004778,0.016341,0.520148
img_04127.jpg,0.060009,0.058027,0.035154,0.054340,0.005273,0.102805,0.082031,0.602360
img_03764.jpg,0.853206,0.009963,0.024126,0.007001,0.000107,0.002991,0.001571,0.101035
img_01168.jpg,0.020582,0.058872,0.035280,0.012091,0.009522,0.828941,0.006818,0.027893
img_04835.jpg,0.003404,0.040518,0.018745,0.026136,0.050144,0.717345,0.023298,0.120411
img_06748.jpg,0.000002,0.029763,0.059456,0.001437,0.000248,0.000499,0.002210,0.906385
img_03140.jpg,0.619343,0.124251,0.037876,0.025052,0.040559,0.113573,0.013204,0.026142
img_05038.jpg,0.584093,0.041070,0.022471,0.007156,0.012411,0.029417,0.048014,0.255368
img_07893.jpg,0.491403,0.017924,0.019415,0.106118,0.016326,0.109121,0.125681,0.114011
img_05015.jpg,0.069514,0.056414,0.043092,0.345461,0.004239,0.066578,0.038361,0.376342
img_01552.jpg,0.960387,0.009639,0.002020,0.003240,0.006240,0.004924,0.001944,0.011607
img_05654.jpg,0.995282,0.000686,0.000261,0.000366,0.000022,0.000471,0.000090,0.002824
img_03370.jpg,0.668389,0.005383,0.002665,0.002875,0.001497,0.010491,0.010682,0.298017
img_01627.jpg,0.914035,0.036783,0.006640,0.004277,0.001405,0.024097,0.002772,0.009993
img_07859.jpg,0.000004,0.001794,0.003823,0.005549,0.982882,0.003392,0.002507,0.000048
img_07543.jpg,0.001432,0.001008,0.003674,0.002922,0.963773,0.018046,0.008594,0.000553
img_05508.jpg,0.428697,0.110672,0.027906,0.006806,0.014016,0.003170,0.007974,0.400759
img_01561.jpg,0.000020,0.000035,0.000504,0.000299,0.998167,0.000706,0.000258,0.000010
img_05653.jpg,0.008347,0.723908,0.043055,0.007897,0.011822,0.005529,0.184424,0.015019
img_04268.jpg,0.985716,0.001506,0.000208,0.000435,0.000355,0.003103,0.000204,0.008473
img_03228.jpg,0.845087,0.004839,0.008910,0.011896,0.000779,0.031346,0.005024,0.092119
img_05857.jpg,0.900627,0.004175,0.006498,0.008748,0.001870,0.061725,0.004760,0.011597
img_06845.jpg,0.128164,0.252751,0.075803,0.114954,0.130922,0.034374,0.074910,0.188122
img_00046.jpg,0.832027,0.000125,0.000295,0.002073,0.160034,0.000442,0.004840,0.000164
img_07354.jpg,0.860141,0.003441,0.004818,0.002547,0.015715,0.000934,0.022564,0.089841
img_02282.jpg,0.000188,0.010982,0.030097,0.001840,0.000068,0.002109,0.002179,0.952536
img_01059.jpg,0.337345,0.029795,0.010681,0.009198,0.001310,0.031043,0.111051,0.469577
img_05059.jpg,0.000300,0.007965,0.022661,0.007482,0.927817,0.019148,0.005075,0.009552
img_00103.jpg,0.972771,0.002150,0.001058,0.001851,0.000418,0.011006,0.001490,0.009256
img_01771.jpg,0.668220,0.095223,0.016117,0.034818,0.008488,0.079260,0.051599,0.046273
img_00212.jpg,0.002477,0.000789,0.003051,0.000759,0.000069,0.000101,0.000763,0.991992
img_07580.jpg,0.580168,0.124155,0.039683,0.038707,0.006513,0.108792,0.009206,0.092776
img_02943.jpg,0.989953,0.000493,0.001685,0.001768,0.000204,0.002198,0.000160,0.003539
img_06010.jpg,0.572680,0.034226,0.014003,0.016492,0.014152,0.041220,0.057908,0.249319
img_03290.jpg,0.115257,0.013580,0.007566,0.003568,0.002750,0.012908,0.014580,0.829792
img_01571.jpg,0.584648,0.032469,0.040727,0.009238,0.122777,0.002309,0.025895,0.181936
img_05186.jpg,0.897973,0.004595,0.005852,0.001187,0.000899,0.001411,0.002733,0.085349
img_07122.jpg,0.919084,0.021706,0.002008,0.005166,0.001954,0.042911,0.005299,0.001870
img_07623.jpg,0.227601,0.018238,0.070319,0.008686,0.257392,0.007759,0.027451,0.382554
img_03726.jpg,0.031682,0.190661,0.041462,0.034989,0.010382,0.102298,0.014152,0.574374
img_03128.jpg,0.980765,0.000785,0.000140,0.000238,0.000057,0.000803,0.000575,0.016637
img_03847.jpg,0.008757,0.108639,0.039380,0.015652,0.024345,0.624150,0.047267,0.131809
img_06489.jpg,0.012347,0.002784,0.002904,0.002072,0.952483,0.022550,0.004789,0.000070
img_00648.jpg,0.997879,0.000343,0.000164,0.000355,0.000446,0.000302,0.000268,0.000243
img_06238.jpg,0.434044,0.045717,0.055984,0.032243,0.205603,0.161956,0.046470,0.017983
img_03252.jpg,0.990069,0.001611,0.000820,0.000485,0.000625,0.000477,0.000206,0.005707
img_01825.jpg,0.000609,0.896950,0.047338,0.009160,0.023642,0.005900,0.002884,0.013518
img_03825.jpg,0.999005,0.000177,0.000038,0.000178,0.000021,0.000383,0.000059,0.000139
img_04661.jpg,0.890741,0.015672,0.003768,0.007607,0.004887,0.074764,0.001273,0.001288
img_05612.jpg,0.986227,0.001020,0.001588,0.001018,0.000496,0.000767,0.000820,0.008063
img_00816.jpg,0.980945,0.001156,0.001645,0.000554,0.009175,0.002016,0.000526,0.003983
img_04128.jpg,0.026282,0.705711,0.018376,0.009356,0.188902,0.018368,0.026498,0.006505
img_07314.jpg,0.001186,0.006728,0.026092,0.002825,0.000213,0.000901,0.003325,0.958730
img_00914.jpg,0.003074,0.021593,0.132697,0.007766,0.551120,0.017734,0.015924,0.250092
img_05568.jpg,0.437751,0.032267,0.036390,0.051045,0.045282,0.019828,0.122487,0.254952
img_01444.jpg,0.534936,0.031188,0.006771,0.010840,0.002464,0.059586,0.108762,0.245454
img_04156.jpg,0.907000,0.004596,0.006824,0.007956,0.016833,0.053105,0.002459,0.001226
img_04004.jpg,0.882153,0.003586,0.023270,0.005376,0.008562,0.068663,0.002329,0.006062
img_03627.jpg,0.985949,0.001865,0.001800,0.001195,0.002317,0.001171,0.000617,0.005086
img_01930.jpg,0.940840,0.006768,0.010370,0.005610,0.025273,0.007666,0.003057,0.000416
img_02771.jpg,0.829231,0.085626,0.018979,0.030609,0.001233,0.024778,0.002866,0.006679
img_05794.jpg,0.687469,0.035832,0.003156,0.012851,0.004591,0.248784,0.005595,0.001722
img_04001.jpg,0.936796,0.024380,0.002313,0.008651,0.000580,0.021677,0.002113,0.003490
img_01373.jpg,0.307553,0.004556,0.068831,0.021250,0.401339,0.183771,0.009533,0.003168
img_04266.jpg,0.107874,0.018253,0.008318,0.013711,0.025855,0.618912,0.153720,0.053356
img_02890.jpg,0.415109,0.005220,0.049411,0.079871,0.061771,0.370562,0.013890,0.004164
img_01541.jpg,0.000095,0.005091,0.003414,0.007101,0.953004,0.015182,0.008919,0.007195
img_01689.jpg,0.003481,0.042558,0.278391,0.009801,0.007246,0.001863,0.008494,0.648167
img_06508.jpg,0.006012,0.000600,0.000572,0.002590,0.982564,0.004759,0.002889,0.000013
img_01548.jpg,0.932202,0.012625,0.007524,0.001757,0.014219,0.010391,0.002179,0.019103
img_06302.jpg,0.872544,0.007403,0.033059,0.025333,0.002528,0.009473,0.002010,0.047651
img_06962.jpg,0.285407,0.020072,0.009820,0.031858,0.022538,0.118812,0.464047,0.047447
img_00587.jpg,0.368922,0.058818,0.006309,0.033526,0.040408,0.116805,0.016659,0.358554
img_00484.jpg,0.166965,0.133538,0.153528,0.165839,0.233338,0.040057,0.037079,0.069655
img_00232.jpg,0.004369,0.108151,0.016358,0.006939,0.021048,0.002635,0.801946,0.038555
img_07054.jpg,0.337931,0.387037,0.020981,0.006572,0.012645,0.065824,0.009271,0.159739
img_03923.jpg,0.113603,0.026651,0.209513,0.138591,0.269042,0.170049,0.043530,0.029020
img_04341.jpg,0.603086,0.004404,0.004207,0.005689,0.216386,0.015384,0.121025,0.029818
img_05563.jpg,0.671103,0.087515,0.016453,0.020683,0.005247,0.139367,0.022147,0.037484
img_00407.jpg,0.994400,0.000395,0.000659,0.000972,0.000345,0.001477,0.000528,0.001225
img_05735.jpg,0.876625,0.013024,0.006332,0.003410,0.006293,0.054779,0.004712,0.034826
img_04675.jpg,0.001033,0.315033,0.585090,0.006787,0.003397,0.003211,0.008376,0.077073
img_07419.jpg,0.000897,0.007386,0.024180,0.002261,0.000152,0.000498,0.000604,0.964021
img_05269.jpg,0.714664,0.001761,0.003736,0.001317,0.245407,0.001143,0.003777,0.028196
img_03135.jpg,0.420694,0.014856,0.004530,0.006205,0.000769,0.002973,0.002428,0.547546
img_01379.jpg,0.984170,0.000395,0.005063,0.002713,0.003016,0.002487,0.000513,0.001643
img_00966.jpg,0.534392,0.063474,0.021054,0.038804,0.148549,0.001101,0.049395,0.143232
img_05587.jpg,0.095320,0.072936,0.047916,0.592122,0.067905,0.061069,0.037008,0.025724
img_05426.jpg,0.116654,0.078166,0.047577,0.489827,0.004143,0.032308,0.031622,0.199703
img_05492.jpg,0.000222,0.067551,0.056296,0.002283,0.000088,0.001293,0.000878,0.871391
img_01328.jpg,0.855929,0.009312,0.004022,0.021736,0.002940,0.042210,0.008981,0.054870
img_03446.jpg,0.000072,0.256589,0.254327,0.008165,0.008037,0.005654,0.008664,0.458492
img_06496.jpg,0.941243,0.010557,0.001593,0.005034,0.003347,0.033701,0.003629,0.000897
img_06285.jpg,0.000010,0.008440,0.091049,0.002515,0.093159,0.001684,0.008040,0.795103
img_03992.jpg,0.101420,0.399399,0.020689,0.010736,0.396268,0.015319,0.031816,0.024352
img_04073.jpg,0.090462,0.291937,0.048904,0.048953,0.011717,0.119569,0.017867,0.370592
img_03310.jpg,0.958198,0.003130,0.000987,0.002017,0.002100,0.032826,0.000359,0.000385
img_00289.jpg,0.290451,0.001030,0.001658,0.001616,0.687545,0.016335,0.001146,0.000219
img_06902.jpg,0.510716,0.035015,0.013300,0.015696,0.370004,0.025466,0.012361,0.017442
img_01773.jpg,0.028566,0.007112,0.008528,0.002167,0.000261,0.004317,0.138400,0.810648
img_05454.jpg,0.001295,0.001707,0.002505,0.002048,0.952472,0.029945,0.002248,0.007782
img_04310.jpg,0.776945,0.016688,0.110855,0.009799,0.021857,0.053513,0.003996,0.006347
img_01593.jpg,0.196643,0.088594,0.016647,0.024714,0.004810,0.207368,0.043055,0.418170
img_00551.jpg,0.982895,0.001245,0.002968,0.002001,0.004136,0.002005,0.000631,0.004119
img_05908.jpg,0.003890,0.001632,0.002383,0.001655,0.985020,0.003690,0.000753,0.000978
img_06210.jpg,0.552872,0.010265,0.002249,0.011865,0.003133,0.027906,0.004899,0.386811
img_05790.jpg,0.717185,0.010476,0.058275,0.010664,0.050840,0.133131,0.006953,0.012477
img_03711.jpg,0.898583,0.007998,0.029214,0.015264,0.012008,0.018143,0.011145,0.007644
img_03210.jpg,0.000036,0.010352,0.009289,0.000828,0.000506,0.000624,0.002321,0.976045
img_04657.jpg,0.214372,0.062876,0.202340,0.067950,0.042116,0.232468,0.090383,0.087493
img_07023.jpg,0.991152,0.000439,0.000426,0.001937,0.002403,0.000476,0.000670,0.002495
img_02074.jpg,0.956744,0.003428,0.014661,0.009349,0.006748,0.005729,0.001557,0.001786
img_03312.jpg,0.976278,0.005396,0.000531,0.001503,0.000153,0.006292,0.001413,0.008434
img_06936.jpg,0.989615,0.001645,0.000545,0.001213,0.002133,0.000744,0.001474,0.002632
img_07065.jpg,0.159249,0.192367,0.044808,0.042012,0.009113,0.064247,0.011663,0.476541
img_05185.jpg,0.750169,0.007309,0.002100,0.003449,0.001200,0.000347,0.001963,0.233463
img_07231.jpg,0.877779,0.019356,0.001520,0.012360,0.001467,0.002269,0.004484,0.080764
img_04830.jpg,0.990202,0.000038,0.000453,0.000589,0.006969,0.000275,0.001296,0.000178
img_01224.jpg,0.065768,0.057527,0.374943,0.014391,0.003745,0.022930,0.007425,0.453271
img_06455.jpg,0.173083,0.469891,0.074257,0.036399,0.001209,0.055866,0.112044,0.077252
img_06268.jpg,0.001565,0.005283,0.310989,0.001874,0.000869,0.007756,0.001559,0.670105
img_05623.jpg,0.415803,0.059436,0.011188,0.012347,0.130850,0.322444,0.018866,0.029066
img_01134.jpg,0.919203,0.002249,0.009542,0.004402,0.002702,0.013425,0.001674,0.046803
img_01824.jpg,0.852032,0.005834,0.001448,0.006587,0.002783,0.101436,0.027208,0.002673
img_06324.jpg,0.079794,0.035934,0.026719,0.040210,0.034755,0.214581,0.078435,0.489573
img_06608.jpg,0.955254,0.005558,0.009319,0.008099,0.004834,0.010506,0.003490,0.002939
img_02096.jpg,0.988913,0.000451,0.001132,0.001841,0.002995,0.000274,0.002428,0.001967
img_02871.jpg,0.079427,0.028128,0.017221,0.030779,0.004582,0.177857,0.154004,0.508002
img_06807.jpg,0.311010,0.001253,0.001301,0.005557,0.626034,0.004556,0.049836,0.000452
img_06939.jpg,0.342699,0.050936,0.023543,0.035262,0.005489,0.053598,0.326521,0.161953
img_05525.jpg,0.765692,0.087055,0.022074,0.014493,0.038395,0.037146,0.017628,0.017516
img_03440.jpg,0.002566,0.093365,0.270423,0.005315,0.003094,0.001381,0.001942,0.621914
img_07663.jpg,0.226748,0.326353,0.004730,0.003480,0.000176,0.013818,0.003796,0.420899
img_02299.jpg,0.279717,0.561855,0.037068,0.031954,0.001639,0.029929,0.046439,0.011399
img_01366.jpg,0.133353,0.007929,0.038437,0.092027,0.016897,0.682052,0.006868,0.022437
img_06237.jpg,0.883523,0.008889,0.015813,0.009476,0.051223,0.014335,0.006039,0.010703
img_03297.jpg,0.798818,0.003857,0.035802,0.018040,0.065061,0.068559,0.004854,0.005008
img_05253.jpg,0.000015,0.011036,0.017489,0.001253,0.000068,0.000525,0.001043,0.968571
img_03260.jpg,0.978094,0.000419,0.002899,0.001514,0.000814,0.012505,0.000416,0.003340
img_07469.jpg,0.000631,0.019642,0.438751,0.022153,0.002826,0.015221,0.006108,0.494668
img_04975.jpg,0.554547,0.009704,0.019740,0.020723,0.107797,0.186048,0.069774,0.031667
img_01632.jpg,0.891604,0.002963,0.004378,0.001499,0.017676,0.012794,0.003721,0.065365
img_06893.jpg,0.678048,0.016999,0.008015,0.016545,0.081591,0.096666,0.072194,0.029943
img_05021.jpg,0.030345,0.017172,0.001388,0.005648,0.916226,0.002245,0.026350,0.000627
img_05940.jpg,0.984244,0.000198,0.000237,0.000719,0.013117,0.000755,0.000339,0.000391
img_05755.jpg,0.974309,0.001126,0.000791,0.004053,0.000506,0.009698,0.001233,0.008285
img_05074.jpg,0.449054,0.003063,0.007265,0.002795,0.510705,0.003590,0.021527,0.002001
img_01803.jpg,0.000682,0.229496,0.233602,0.006862,0.002915,0.005694,0.006329,0.514421
img_06549.jpg,0.787284,0.044266,0.013436,0.030718,0.013952,0.076341,0.011880,0.022122
img_06076.jpg,0.404204,0.259920,0.015637,0.005308,0.272108,0.015600,0.016639,0.010584
img_02556.jpg,0.739669,0.003433,0.001181,0.002793,0.000239,0.002061,0.001520,0.249105
img_00650.jpg,0.910234,0.004235,0.010310,0.005679,0.003690,0.026945,0.019187,0.019719
img_05740.jpg,0.417432,0.031366,0.206503,0.032944,0.017318,0.021560,0.011127,0.261750
img_03929.jpg,0.338380,0.103332,0.028011,0.024560,0.005805,0.088449,0.005976,0.405488
img_03439.jpg,0.917188,0.001940,0.006993,0.003725,0.001460,0.016511,0.001840,0.050343
img_00828.jpg,0.000068,0.004178,0.003302,0.004982,0.954676,0.021014,0.008546,0.003234
img_01505.jpg,0.000005,0.000386,0.001435,0.004700,0.990397,0.001464,0.001575,0.000039
img_04671.jpg,0.893942,0.004269,0.001294,0.001357,0.000188,0.001634,0.002314,0.095002
img_06611.jpg,0.000147,0.047771,0.055323,0.002991,0.000678,0.001069,0.002648,0.889373
img_04069.jpg,0.340949,0.005004,0.025472,0.073948,0.082194,0.466882,0.004327,0.001225
img_00833.jpg,0.221662,0.027359,0.012367,0.010029,0.004470,0.179397,0.136454,0.408261
img_05922.jpg,0.687924,0.015185,0.009906,0.037147,0.007786,0.189278,0.007224,0.045550
img_03584.jpg,0.000011,0.021146,0.116858,0.001551,0.013790,0.001756,0.000860,0.844029
img_06734.jpg,0.746961,0.012277,0.014151,0.007826,0.000103,0.001272,0.002965,0.214446
img_02808.jpg,0.964795,0.003066,0.005886,0.008877,0.003639,0.005998,0.001730,0.006008
img_03444.jpg,0.644415,0.071682,0.011730,0.003440,0.001014,0.000689,0.026472,0.240558
img_00950.jpg,0.239916,0.004977,0.072819,0.006865,0.541094,0.104310,0.007934,0.022084
img_07146.jpg,0.318340,0.008730,0.013175,0.004828,0.586317,0.010179,0.037385,0.021046
img_02487.jpg,0.885712,0.004264,0.003846,0.001419,0.037111,0.000914,0.004778,0.061957
img_04586.jpg,0.880609,0.008664,0.004596,0.012403,0.008681,0.064317,0.009378,0.011352
img_06412.jpg,0.619799,0.005086,0.013139,0.003443,0.001386,0.006784,0.004466,0.345896
img_00902.jpg,0.001916,0.122139,0.015616,0.013011,0.015537,0.002141,0.807791,0.021849
img_05349.jpg,0.041184,0.839332,0.009888,0.007823,0.004510,0.029147,0.004486,0.063629
img_05672.jpg,0.054652,0.141589,0.033149,0.029877,0.045853,0.622393,0.018554,0.053933
img_04432.jpg,0.970503,0.005683,0.001551,0.002688,0.005572,0.001295,0.002380,0.010329
img_04419.jpg,0.013446,0.001217,0.002490,0.001679,0.963573,0.015594,0.001994,0.000007
img_05084.jpg,0.505835,0.019979,0.053846,0.027608,0.003469,0.063644,0.055906,0.269712
img_01918.jpg,0.313358,0.143292,0.310597,0.136354,0.035733,0.017044,0.024320,0.019303
img_06475.jpg,0.452837,0.022502,0.020102,0.016789,0.009272,0.100478,0.115917,0.262104
img_02078.jpg,0.015983,0.030781,0.088957,0.027973,0.108840,0.011901,0.005718,0.709846
img_01538.jpg,0.990003,0.001457,0.000337,0.000941,0.000224,0.003913,0.001493,0.001632
img_07103.jpg,0.943382,0.015551,0.002504,0.006979,0.012435,0.003617,0.006499,0.009034
img_07110.jpg,0.801582,0.006233,0.012927,0.007364,0.083877,0.079508,0.002745,0.005764
img_05754.jpg,0.886057,0.004046,0.005512,0.004147,0.011160,0.058685,0.015616,0.014777
img_00777.jpg,0.944643,0.002427,0.001292,0.003840,0.011337,0.029040,0.007094,0.000327
img_05682.jpg,0.577306,0.025289,0.041565,0.006972,0.012210,0.021776,0.112176,0.202706
img_01782.jpg,0.000000,0.001184,0.000940,0.001539,0.992557,0.000113,0.003598,0.000068
img_06547.jpg,0.907975,0.008209,0.004791,0.002511,0.065169,0.001534,0.008051,0.001760
img_03457.jpg,0.928182,0.004435,0.007300,0.009541,0.010313,0.033523,0.002257,0.004448
img_05967.jpg,0.920361,0.001805,0.001286,0.001802,0.000086,0.002600,0.001585,0.070475
img_05989.jpg,0.667437,0.032195,0.207080,0.008934,0.031161,0.020671,0.007463,0.025060
img_07426.jpg,0.247159,0.020374,0.201447,0.107286,0.034924,0.363947,0.009251,0.015611
img_06955.jpg,0.756297,0.030492,0.044968,0.005109,0.001147,0.002256,0.003880,0.155851
img_06426.jpg,0.365243,0.008787,0.013399,0.004355,0.005091,0.004016,0.009877,0.589231
img_00161.jpg,0.000007,0.000405,0.011978,0.001731,0.000327,0.004082,0.001388,0.980083
img_05095.jpg,0.895634,0.054679,0.008765,0.010280,0.000612,0.019073,0.001669,0.009290
img_00654.jpg,0.527672,0.050989,0.198926,0.013576,0.065089,0.103830,0.006269,0.033649
img_00718.jpg,0.973898,0.001225,0.001227,0.001209,0.000982,0.001729,0.000553,0.019177
img_04624.jpg,0.006226,0.169689,0.020840,0.020034,0.020248,0.720536,0.006095,0.036333
img_06798.jpg,0.591804,0.074426,0.069875,0.056067,0.003217,0.034886,0.036470,0.133254
img_04740.jpg,0.098170,0.153018,0.245044,0.056697,0.012784,0.062047,0.127620,0.244621
img_05322.jpg,0.434898,0.013451,0.005564,0.038229,0.463956,0.005341,0.031552,0.007008
img_03283.jpg,0.058542,0.028155,0.005008,0.008890,0.000041,0.009283,0.013083,0.876996
img_04546.jpg,0.005082,0.049859,0.090018,0.003142,0.000491,0.001618,0.003803,0.845988
img_07678.jpg,0.006235,0.057519,0.320884,0.501020,0.019467,0.051873,0.033500,0.009502
img_04386.jpg,0.076001,0.032552,0.006497,0.047790,0.203740,0.529433,0.035315,0.068672
img_02699.jpg,0.838635,0.003190,0.004817,0.001732,0.018592,0.000909,0.030253,0.101872
img_05548.jpg,0.991729,0.000641,0.001288,0.001378,0.000249,0.003775,0.000204,0.000735
img_04129.jpg,0.835930,0.052287,0.020941,0.011347,0.000075,0.002515,0.003397,0.073509
img_02759.jpg,0.003721,0.015634,0.049416,0.005804,0.001128,0.001157,0.004095,0.919046
img_06346.jpg,0.194957,0.006170,0.003763,0.005654,0.091535,0.655030,0.036400,0.006491
img_06681.jpg,0.149338,0.033762,0.085888,0.627694,0.027103,0.016265,0.017094,0.042856
img_04811.jpg,0.593951,0.022523,0.007927,0.008361,0.013646,0.045916,0.004849,0.302827
img_07192.jpg,0.963825,0.008162,0.002990,0.002853,0.011607,0.003852,0.001619,0.005093
img_05718.jpg,0.008828,0.208443,0.057366,0.039168,0.035395,0.128024,0.028978,0.493799
img_05341.jpg,0.652129,0.003068,0.130812,0.007241,0.062894,0.128456,0.004899,0.010503
img_06564.jpg,0.885554,0.001793,0.000630,0.002099,0.000051,0.003102,0.001660,0.105110
img_03087.jpg,0.135488,0.027780,0.015455,0.012261,0.607422,0.193252,0.007012,0.001331
img_01142.jpg,0.947898,0.000772,0.016000,0.011392,0.003994,0.005414,0.006018,0.008512
img_00865.jpg,0.876788,0.069362,0.003061,0.012314,0.000149,0.012695,0.002539,0.023092
img_02066.jpg,0.599156,0.036243,0.117064,0.022637,0.094446,0.095569,0.017605,0.017280
img_02607.jpg,0.113156,0.012114,0.058278,0.017916,0.729594,0.047097,0.016292,0.005553
img_01537.jpg,0.934976,0.003416,0.004315,0.003872,0.025673,0.016483,0.003635,0.007631
img_07084.jpg,0.001405,0.014515,0.075400,0.004185,0.056782,0.010516,0.005234,0.831962
img_07173.jpg,0.015005,0.001337,0.003905,0.001432,0.000313,0.000875,0.001367,0.975766
img_05615.jpg,0.978245,0.003295,0.001886,0.000829,0.000637,0.000652,0.000456,0.014001
img_02398.jpg,0.052589,0.041687,0.118919,0.110923,0.096725,0.414124,0.133568,0.031465
img_07319.jpg,0.428000,0.018955,0.008466,0.016656,0.008697,0.080130,0.035215,0.403883
img_03078.jpg,0.717225,0.116329,0.029027,0.022324,0.000824,0.006072,0.003365,0.104834
img_07199.jpg,0.250330,0.009780,0.053023,0.097958,0.520814,0.054795,0.010179,0.003120
img_05824.jpg,0.000423,0.000054,0.000343,0.001037,0.997330,0.000459,0.000318,0.000036
img_05731.jpg,0.077946,0.020895,0.005437,0.008407,0.789793,0.002679,0.092314,0.002528
img_00141.jpg,0.000009,0.018148,0.094299,0.007738,0.000174,0.003445,0.006198,0.869989
img_01213.jpg,0.757328,0.012263,0.010854,0.037891,0.004695,0.128633,0.010143,0.038193
img_04282.jpg,0.035762,0.080923,0.067233,0.043552,0.004782,0.075811,0.282532,0.409405
img_05828.jpg,0.965850,0.000217,0.000418,0.001420,0.028550,0.001553,0.001537,0.000456
img_01684.jpg,0.453033,0.130656,0.006659,0.013068,0.000304,0.012763,0.006559,0.376958
img_06103.jpg,0.895367,0.000211,0.001238,0.001000,0.095978,0.000236,0.000669,0.005301
img_03588.jpg,0.066607,0.016733,0.010957,0.014878,0.026014,0.734642,0.074477,0.055691
img_01984.jpg,0.028865,0.126191,0.007993,0.004783,0.000028,0.000453,0.006479,0.825209
img_05434.jpg,0.017253,0.011149,0.131610,0.110709,0.539524,0.159147,0.009564,0.021044
img_00889.jpg,0.001179,0.009951,0.175706,0.008019,0.000723,0.007071,0.004339,0.793014
img_06559.jpg,0.038314,0.000648,0.001785,0.001839,0.945304,0.000844,0.010492,0.000773
img_07583.jpg,0.280948,0.439554,0.069626,0.025987,0.031870,0.089548,0.024003,0.038464
img_02789.jpg,0.017254,0.001646,0.001698,0.005650,0.885656,0.004190,0.083201,0.000706
img_02764.jpg,0.894859,0.000691,0.000416,0.000950,0.101275,0.000998,0.000462,0.000349
img_07068.jpg,0.005630,0.024565,0.009423,0.008541,0.002604,0.038099,0.286814,0.624323
img_00858.jpg,0.877722,0.003607,0.003211,0.002762,0.024032,0.015407,0.013030,0.060228
img_05359.jpg,0.197006,0.014064,0.003750,0.019717,0.002745,0.046053,0.013270,0.703394
img_02842.jpg,0.068112,0.004581,0.005052,0.004131,0.045910,0.823016,0.037746,0.011452
img_00590.jpg,0.020867,0.014503,0.004965,0.005388,0.001191,0.004671,0.011265,0.937150
img_06371.jpg,0.106651,0.257690,0.054954,0.010849,0.001239,0.013153,0.388546,0.166918
img_03333.jpg,0.925493,0.006572,0.001574,0.003326,0.002244,0.039728,0.019188,0.001875
img_01688.jpg,0.103566,0.020935,0.012241,0.009572,0.006822,0.091862,0.194650,0.560352
img_07872.jpg,0.757178,0.039148,0.007758,0.010457,0.150565,0.008672,0.006218,0.020004
img_01171.jpg,0.000030,0.024189,0.031793,0.017249,0.877578,0.034603,0.005977,0.008582
img_03652.jpg,0.869090,0.003925,0.003916,0.003518,0.113178,0.003020,0.001600,0.001753
img_01669.jpg,0.684671,0.007214,0.014543,0.208848,0.047007,0.023145,0.012605,0.001967
img_05055.jpg,0.431823,0.008308,0.007732,0.006691,0.529183,0.006127,0.008447,0.001688
img_00876.jpg,0.000340,0.002889,0.003116,0.007428,0.973402,0.004885,0.007332,0.000608
img_07910.jpg,0.954474,0.006073,0.001185,0.003744,0.022836,0.003958,0.001694,0.006036
img_06966.jpg,0.481143,0.016666,0.076107,0.010442,0.003811,0.073120,0.043787,0.294923
img_02235.jpg,0.216471,0.202763,0.042678,0.057808,0.007018,0.229127,0.011191,0.232944
img_03422.jpg,0.980490,0.001876,0.002402,0.001493,0.000544,0.001174,0.000576,0.011445
img_01399.jpg,0.000243,0.440657,0.160361,0.018558,0.004019,0.007161,0.003298,0.365704
img_02899.jpg,0.948711,0.002904,0.006287,0.019811,0.003003,0.015357,0.000855,0.003073
img_05539.jpg,0.074134,0.003988,0.036346,0.169339,0.026127,0.677875,0.011174,0.001017
img_06975.jpg,0.855132,0.004407,0.002630,0.009051,0.003024,0.010187,0.034294,0.081276
img_01562.jpg,0.008868,0.013842,0.009330,0.001967,0.000726,0.003346,0.120088,0.841832
img_06630.jpg,0.009376,0.009589,0.017370,0.010719,0.000940,0.027859,0.197995,0.726151
img_00432.jpg,0.202822,0.039044,0.188525,0.033738,0.126371,0.147489,0.026147,0.235865
img_04752.jpg,0.244949,0.032086,0.105126,0.198045,0.007028,0.336423,0.035343,0.041001
img_02993.jpg,0.004111,0.041701,0.149252,0.006969,0.001763,0.002062,0.003885,0.790257
img_02911.jpg,0.017377,0.133651,0.051833,0.316225,0.130741,0.294586,0.017263,0.038325
img_02006.jpg,0.240471,0.014095,0.113541,0.117838,0.020836,0.463094,0.010206,0.019919
img_04271.jpg,0.198223,0.000813,0.001422,0.004516,0.756900,0.034984,0.003122,0.000019
img_04629.jpg,0.901759,0.001374,0.002954,0.003505,0.046308,0.000856,0.005177,0.038068
img_04554.jpg,0.964503,0.005064,0.005422,0.007348,0.008057,0.004801,0.004040,0.000765
img_06756.jpg,0.945304,0.002780,0.011439,0.012926,0.007540,0.009443,0.002100,0.008468
img_04118.jpg,0.518401,0.017469,0.005184,0.007965,0.041200,0.361681,0.008550,0.039551
img_02573.jpg,0.131531,0.547310,0.042506,0.008648,0.122344,0.022002,0.041302,0.084357
img_05768.jpg,0.004859,0.012847,0.022114,0.003651,0.001363,0.004133,0.419519,0.531512
img_02916.jpg,0.793810,0.003097,0.018378,0.006047,0.133553,0.041582,0.002629,0.000904
img_03750.jpg,0.631633,0.027834,0.006689,0.012798,0.040712,0.236456,0.028184,0.015693
img_04503.jpg,0.000445,0.002237,0.001125,0.002365,0.979796,0.004088,0.009831,0.000113
img_06780.jpg,0.686820,0.020598,0.007815,0.007349,0.004541,0.043581,0.027605,0.201692
img_04482.jpg,0.960930,0.012733,0.002104,0.010451,0.000721,0.011315,0.000920,0.000827
img_03504.jpg,0.556967,0.011148,0.003600,0.005458,0.015739,0.369239,0.007320,0.030530
img_06099.jpg,0.395074,0.168161,0.030921,0.029363,0.339992,0.016679,0.015664,0.004146
img_06097.jpg,0.101733,0.023741,0.016936,0.024866,0.001946,0.018928,0.048119,0.763731
img_06101.jpg,0.000342,0.019018,0.304459,0.013660,0.000693,0.015276,0.009065,0.637488
img_00591.jpg,0.053204,0.018746,0.007052,0.003425,0.001376,0.024489,0.012068,0.879639
img_02565.jpg,0.714988,0.010574,0.006575,0.009054,0.020119,0.096334,0.032364,0.109993
img_03069.jpg,0.174005,0.015223,0.001369,0.005692,0.001988,0.015711,0.025535,0.760476
img_02400.jpg,0.936483,0.001155,0.026649,0.005662,0.007538,0.018735,0.001872,0.001905
img_04949.jpg,0.236968,0.212826,0.023752,0.028199,0.001471,0.174809,0.088888,0.233087
img_02384.jpg,0.297431,0.032158,0.023097,0.018842,0.019692,0.175555,0.190397,0.242829
img_07371.jpg,0.002545,0.013478,0.039063,0.005372,0.000748,0.001489,0.002008,0.935296
img_00533.jpg,0.714462,0.010864,0.014821,0.026552,0.004288,0.056359,0.018535,0.154119
img_04856.jpg,0.892341,0.011932,0.012786,0.015772,0.020195,0.025803,0.004307,0.016863
img_05147.jpg,0.077820,0.060963,0.048536,0.275354,0.002780,0.037684,0.026318,0.470546
img_02709.jpg,0.974084,0.002254,0.005276,0.006304,0.000350,0.003905,0.001293,0.006533
img_01862.jpg,0.783855,0.004736,0.013845,0.007866,0.034948,0.145339,0.004098,0.005313
img_03869.jpg,0.983587,0.000449,0.002334,0.001577,0.008908,0.000712,0.001279,0.001155
img_03867.jpg,0.014209,0.023543,0.005864,0.006519,0.862912,0.071593,0.015212,0.000148
img_05078.jpg,0.068521,0.056543,0.196388,0.012955,0.018133,0.201927,0.007555,0.437979
img_03602.jpg,0.032386,0.008913,0.007362,0.005222,0.138952,0.761749,0.030476,0.014940
img_00964.jpg,0.004274,0.194142,0.281899,0.004897,0.001486,0.006369,0.004917,0.502015
img_02356.jpg,0.020841,0.010631,0.003396,0.002263,0.002118,0.000641,0.021424,0.938685
img_04382.jpg,0.001080,0.030616,0.135304,0.008346,0.000716,0.003902,0.005966,0.814071
img_03548.jpg,0.139679,0.016524,0.003944,0.013735,0.001501,0.015366,0.163646,0.645605
img_01405.jpg,0.978852,0.007914,0.000579,0.002425,0.001756,0.007247,0.000751,0.000476
img_06203.jpg,0.678641,0.059924,0.005800,0.011145,0.009249,0.066883,0.007441,0.160917
img_02865.jpg,0.000249,0.004357,0.003737,0.010361,0.959546,0.010258,0.009344,0.002148
img_04390.jpg,0.000696,0.023464,0.095899,0.009955,0.354544,0.010954,0.007786,0.496701
img_03945.jpg,0.173924,0.005396,0.005532,0.007252,0.079628,0.691953,0.020440,0.015874
img_06690.jpg,0.000537,0.027688,0.366570,0.031094,0.001834,0.015034,0.005375,0.551869
img_04130.jpg,0.915846,0.003619,0.004058,0.003662,0.067805,0.001161,0.001430,0.002418
img_04647.jpg,0.985359,0.002927,0.000538,0.001613,0.005308,0.001137,0.001447,0.001671
img_06851.jpg,0.031634,0.019109,0.003319,0.025377,0.001637,0.082701,0.421749,0.414475
img_06033.jpg,0.000004,0.079524,0.125050,0.007794,0.083132,0.007878,0.011428,0.685189
img_01983.jpg,0.948946,0.001380,0.002815,0.001494,0.005699,0.002753,0.000397,0.036515
img_00943.jpg,0.948357,0.002366,0.001663,0.000665,0.021505,0.000659,0.002406,0.022379
img_06207.jpg,0.406554,0.004047,0.043132,0.109939,0.064408,0.362272,0.005617,0.004030
img_01388.jpg,0.516622,0.016244,0.005452,0.006157,0.012710,0.419177,0.007015,0.016623
img_05960.jpg,0.026022,0.009653,0.023558,0.022997,0.001642,0.027767,0.190619,0.697743
img_07501.jpg,0.455862,0.029493,0.002771,0.004703,0.495762,0.002191,0.006177,0.003041
img_05393.jpg,0.061302,0.275242,0.017803,0.017640,0.001219,0.101848,0.046588,0.478358
img_07149.jpg,0.713804,0.018692,0.009733,0.030616,0.190724,0.005187,0.025340,0.005904
img_07156.jpg,0.729441,0.002629,0.005802,0.005649,0.083361,0.161036,0.010519,0.001563
img_01519.jpg,0.497371,0.060404,0.023234,0.025308,0.013062,0.281908,0.057071,0.041641
img_04757.jpg,0.977384,0.001447,0.000646,0.001128,0.002098,0.012776,0.001750,0.002771
img_04370.jpg,0.968050,0.004213,0.000744,0.001809,0.002159,0.014274,0.003280,0.005472
img_05378.jpg,0.900706,0.000478,0.003945,0.004263,0.076193,0.000905,0.005278,0.008232
img_06189.jpg,0.853064,0.024650,0.004919,0.004527,0.012792,0.070284,0.010253,0.019511
img_03831.jpg,0.000012,0.038004,0.036232,0.001760,0.002277,0.000529,0.001731,0.919455
img_06525.jpg,0.012027,0.012086,0.566975,0.023767,0.087198,0.285328,0.008669,0.003950
img_01188.jpg,0.031375,0.120545,0.030840,0.014305,0.028372,0.723734,0.009124,0.041704
img_04375.jpg,0.000448,0.000565,0.001445,0.001363,0.994095,0.000688,0.001121,0.000274
img_07187.jpg,0.930039,0.002411,0.003698,0.000935,0.010098,0.000171,0.001867,0.050781
img_07179.jpg,0.000118,0.000371,0.000724,0.000738,0.996815,0.000429,0.000778,0.000027
img_06521.jpg,0.656959,0.021834,0.012996,0.020100,0.006493,0.067642,0.049274,0.164702
img_02857.jpg,0.035785,0.237090,0.012436,0.030559,0.641855,0.024536,0.015963,0.001776
img_01853.jpg,0.029939,0.018007,0.007081,0.007822,0.001852,0.005993,0.029142,0.900164
img_01495.jpg,0.628825,0.040238,0.061175,0.012657,0.000346,0.011544,0.007640,0.237575
img_01249.jpg,0.159337,0.003307,0.246856,0.112660,0.416933,0.057812,0.002130,0.000965
img_07467.jpg,0.934487,0.015449,0.004653,0.005851,0.013704,0.001789,0.006650,0.017417
img_06986.jpg,0.961998,0.015378,0.010428,0.003994,0.001894,0.000693,0.002038,0.003578
img_04422.jpg,0.461024,0.376234,0.015006,0.008098,0.005972,0.018624,0.007823,0.107219
img_06832.jpg,0.722625,0.016370,0.050095,0.035514,0.036485,0.023379,0.013500,0.102033
img_02076.jpg,0.139341,0.240746,0.047984,0.017806,0.349157,0.015283,0.039705,0.149977
img_00598.jpg,0.533192,0.164804,0.049350,0.046016,0.013784,0.040639,0.057074,0.095141
img_06946.jpg,0.955490,0.008456,0.000680,0.003005,0.000519,0.015114,0.002600,0.014137
img_06147.jpg,0.584225,0.153887,0.013166,0.040170,0.029423,0.005469,0.042670,0.130990
img_02422.jpg,0.614539,0.027637,0.018603,0.018854,0.014214,0.101846,0.026994,0.177314
img_02834.jpg,0.375183,0.012617,0.020163,0.009523,0.004820,0.013265,0.111325,0.453104
img_00175.jpg,0.360274,0.005422,0.027112,0.086745,0.047542,0.460901,0.006590,0.005413
img_00007.jpg,0.383539,0.109441,0.182902,0.042669,0.004208,0.042869,0.016165,0.218208
img_06186.jpg,0.875421,0.013179,0.005772,0.009429,0.006596,0.076996,0.005863,0.006745
img_01681.jpg,0.001839,0.012765,0.037767,0.001085,0.040648,0.000480,0.015486,0.889930
img_04247.jpg,0.009433,0.006609,0.007989,0.017062,0.000721,0.000933,0.048483,0.908769
img_05766.jpg,0.624378,0.036790,0.004498,0.002484,0.000088,0.018714,0.006991,0.306057
img_02949.jpg,0.949759,0.000548,0.007474,0.001800,0.026808,0.012180,0.001153,0.000279
img_07160.jpg,0.001956,0.002849,0.009794,0.020323,0.940375,0.009003,0.015464,0.000238
img_00075.jpg,0.776826,0.017022,0.004051,0.007303,0.036168,0.145280,0.006540,0.006810
img_05210.jpg,0.854241,0.007324,0.009789,0.003637,0.098865,0.004591,0.008151,0.013401
img_00071.jpg,0.202895,0.008150,0.009848,0.418860,0.013498,0.306391,0.026229,0.014129
img_04425.jpg,0.487592,0.158408,0.007581,0.024952,0.000783,0.035213,0.007948,0.277522
img_00125.jpg,0.267369,0.212390,0.280768,0.034838,0.001297,0.012613,0.019951,0.170774
img_05953.jpg,0.191834,0.014832,0.131713,0.028164,0.021842,0.524919,0.040663,0.046034
img_07428.jpg,0.903010,0.008444,0.002999,0.015402,0.004363,0.037999,0.004830,0.022952
img_05640.jpg,0.886281,0.005403,0.001520,0.003783,0.022282,0.067801,0.011947,0.000981
img_07659.jpg,0.252492,0.030339,0.007133,0.053369,0.016277,0.315485,0.236221,0.088684
img_00138.jpg,0.906109,0.006734,0.021933,0.009995,0.037489,0.007665,0.004284,0.005791
img_06037.jpg,0.934220,0.000924,0.001450,0.002482,0.026310,0.002830,0.023605,0.008179
img_04013.jpg,0.286339,0.103031,0.045037,0.025785,0.005369,0.037654,0.007841,0.488944
img_05440.jpg,0.881304,0.006153,0.016609,0.014133,0.038811,0.038428,0.003980,0.000581
img_05222.jpg,0.765898,0.030970,0.040363,0.006383,0.118489,0.008781,0.016741,0.012374
img_06003.jpg,0.818545,0.094002,0.005226,0.039056,0.000599,0.022472,0.002357,0.017742
img_00128.jpg,0.000056,0.154429,0.350261,0.010014,0.002364,0.002832,0.010862,0.469181
img_00487.jpg,0.000008,0.004729,0.000835,0.009042,0.958862,0.001300,0.024896,0.000329
img_06469.jpg,0.700327,0.020258,0.007756,0.032499,0.008885,0.171438,0.014787,0.044050
img_06831.jpg,0.814258,0.016588,0.001740,0.003571,0.005341,0.001504,0.013719,0.143279
img_06860.jpg,0.029053,0.026551,0.026982,0.047303,0.781733,0.005694,0.051985,0.030699
img_01211.jpg,0.812731,0.040540,0.021593,0.024233,0.032043,0.007361,0.016515,0.044984
img_01724.jpg,0.872297,0.004276,0.011744,0.005962,0.027888,0.070894,0.003494,0.003446
img_06662.jpg,0.034048,0.002734,0.070956,0.012069,0.758552,0.109095,0.009508,0.003038
img_06909.jpg,0.914596,0.006452,0.002812,0.013265,0.006041,0.047795,0.003078,0.005960
img_02209.jpg,0.315768,0.006794,0.005406,0.008073,0.046134,0.573195,0.039135,0.005496
img_06806.jpg,0.221980,0.154929,0.095704,0.045704,0.003202,0.000627,0.016387,0.461467
img_01687.jpg,0.324932,0.005801,0.005292,0.001911,0.000345,0.006006,0.011948,0.643765
img_02124.jpg,0.151906,0.010245,0.004586,0.007494,0.071305,0.723745,0.020504,0.010214
img_02769.jpg,0.004856,0.071705,0.115877,0.009352,0.001640,0.003302,0.007161,0.786108
img_07553.jpg,0.289787,0.001546,0.002497,0.006510,0.583483,0.108424,0.007690,0.000064
img_03456.jpg,0.000079,0.010971,0.003494,0.008349,0.936292,0.024775,0.011405,0.004635
img_00764.jpg,0.000367,0.039176,0.067105,0.005564,0.257436,0.018294,0.004447,0.607610
img_03677.jpg,0.989887,0.002292,0.000544,0.000884,0.000065,0.001115,0.000675,0.004538
img_07213.jpg,0.416849,0.024902,0.123710,0.060336,0.063523,0.107642,0.046840,0.156199
img_05963.jpg,0.318214,0.040554,0.004805,0.020856,0.002811,0.124824,0.020606,0.467329
img_00730.jpg,0.006964,0.003858,0.000864,0.000795,0.000169,0.001169,0.005410,0.980770
img_05241.jpg,0.086372,0.011374,0.024718,0.249666,0.009979,0.601850,0.012223,0.003818
img_04603.jpg,0.829934,0.004691,0.015107,0.006129,0.043062,0.039834,0.001521,0.059721
img_06345.jpg,0.026045,0.001303,0.004495,0.001376,0.000657,0.002006,0.001109,0.963010
img_02119.jpg,0.954964,0.001714,0.020791,0.002656,0.002292,0.014302,0.001271,0.002009
img_02636.jpg,0.624756,0.098872,0.009444,0.018035,0.026711,0.005991,0.031792,0.184399
img_07120.jpg,0.096125,0.016535,0.004981,0.004621,0.007088,0.004078,0.053884,0.812687
img_04511.jpg,0.193658,0.003655,0.007187,0.016222,0.144385,0.612750,0.018953,0.003189
img_03324.jpg,0.026918,0.042188,0.095361,0.005323,0.000635,0.005612,0.007938,0.816026
img_05076.jpg,0.278948,0.008017,0.001748,0.005830,0.000695,0.007241,0.003209,0.694313
img_02648.jpg,0.002919,0.036861,0.222826,0.008603,0.002086,0.007449,0.006714,0.712542
img_03974.jpg,0.891679,0.015056,0.018197,0.004130,0.043924,0.009609,0.003818,0.013587
img_02560.jpg,0.025786,0.001196,0.002526,0.008528,0.943101,0.012998,0.005588,0.000277
img_05835.jpg,0.949833,0.001402,0.036103,0.001290,0.004762,0.004528,0.000368,0.001713
img_06812.jpg,0.965959,0.005746,0.001893,0.001502,0.010073,0.001297,0.000656,0.012875
img_00483.jpg,0.909685,0.004882,0.001218,0.001086,0.013736,0.000657,0.003173,0.065563
img_00723.jpg,0.392621,0.052715,0.026142,0.040460,0.422126,0.018214,0.033644,0.014079
img_00040.jpg,0.079040,0.019306,0.012292,0.035422,0.008687,0.163407,0.506950,0.174895
img_07578.jpg,0.000044,0.060708,0.074950,0.002779,0.000970,0.000483,0.003926,0.856140
img_07594.jpg,0.465021,0.003435,0.006417,0.001859,0.001191,0.003860,0.006223,0.511994
img_00518.jpg,0.987187,0.000231,0.000973,0.001597,0.005453,0.000795,0.002964,0.000800
img_05137.jpg,0.657562,0.020515,0.014858,0.012956,0.003492,0.146386,0.012146,0.132085
img_04479.jpg,0.872461,0.009000,0.008725,0.006006,0.006040,0.054272,0.025623,0.017873
img_00302.jpg,0.112998,0.041717,0.007091,0.048165,0.010153,0.245694,0.293084,0.241099
img_05948.jpg,0.431983,0.024608,0.006001,0.025943,0.020098,0.304145,0.172673,0.014550
img_01831.jpg,0.954869,0.001728,0.002009,0.002247,0.002613,0.005293,0.002082,0.029158
img_04221.jpg,0.996339,0.000581,0.000061,0.000273,0.000026,0.000946,0.000166,0.001608
img_05030.jpg,0.022297,0.029685,0.039823,0.019264,0.006230,0.066126,0.314366,0.502208
img_04476.jpg,0.599489,0.022617,0.040316,0.009231,0.056851,0.156053,0.040091,0.075353
img_05276.jpg,0.000037,0.003894,0.005015,0.008260,0.959486,0.009399,0.011051,0.002859
img_03490.jpg,0.157925,0.500230,0.049802,0.015808,0.106233,0.018348,0.088836,0.062819
img_04233.jpg,0.037810,0.230217,0.017062,0.058407,0.302417,0.260963,0.020812,0.072313
img_05438.jpg,0.759621,0.049853,0.006961,0.005816,0.014986,0.141133,0.017018,0.004612
img_02285.jpg,0.491523,0.000577,0.000979,0.002425,0.495795,0.001419,0.007188,0.000094
img_06522.jpg,0.818880,0.021419,0.001550,0.005637,0.000592,0.007678,0.012071,0.132172
img_07044.jpg,0.064349,0.058922,0.270117,0.081436,0.102489,0.009488,0.011504,0.401695
img_07050.jpg,0.074860,0.123240,0.114052,0.393448,0.007276,0.067052,0.035931,0.184142
img_07348.jpg,0.409424,0.031982,0.034477,0.049366,0.404153,0.016059,0.039969,0.014569
img_04766.jpg,0.932682,0.004214,0.006132,0.004375,0.003055,0.002777,0.019887,0.026878
img_01932.jpg,0.519430,0.018087,0.005447,0.036322,0.002252,0.115625,0.029307,0.273529
img_07045.jpg,0.927664,0.000494,0.001800,0.000625,0.030692,0.000469,0.001419,0.036837
img_05743.jpg,0.381335,0.006125,0.052277,0.098789,0.088355,0.364715,0.005427,0.002976
img_01377.jpg,0.097012,0.005386,0.136454,0.017382,0.668086,0.065202,0.006753,0.003725
img_04726.jpg,0.000034,0.002868,0.003502,0.005328,0.973150,0.007412,0.005086,0.002622
img_00575.jpg,0.077808,0.032121,0.047074,0.031799,0.059932,0.162000,0.330015,0.259251
img_02830.jpg,0.036270,0.056098,0.022681,0.028178,0.002526,0.055392,0.173970,0.624885
img_03886.jpg,0.902362,0.001807,0.005651,0.001301,0.000356,0.001430,0.002424,0.084669
img_00599.jpg,0.803840,0.016531,0.029909,0.009588,0.005300,0.026122,0.037799,0.070911
img_03941.jpg,0.908678,0.006551,0.012889,0.011300,0.011366,0.022626,0.005825,0.020764
img_00018.jpg,0.945099,0.027371,0.001549,0.004690,0.000463,0.005882,0.001851,0.013095
img_03169.jpg,0.000774,0.076500,0.613113,0.016568,0.006326,0.012033,0.003452,0.271234
img_07460.jpg,0.754848,0.036320,0.047212,0.026698,0.093296,0.023053,0.006428,0.012143
